0.001	-2.0994541498813806e11
0.0010613501433616047	-1.428271467505239e11
0.0011264641268136978	-2.425883622635012e11
0.001195572862485423	-1.9973358952195215e11
0.0012689214289981466	-1.5699103144376294e11
0.0013467699405817952	-1.2569574795074777e11
0.0014293944695115868	-1.023769816334053e11
0.0015170880251364075	-8.342045400855016e10
0.0016101615929706983	-6.8027303029724045e10
0.0017089452375348005	-5.553556212321388e10
0.0018137892728546903	-4.54001256835322e10
0.0019250655047720663	-3.7174579216699005e10
0.0020431685494703106	-3.049501501072766e10
0.002168517232892236	-2.5065873454491386e10
0.002301556076012285	-2.0647768137212486e10
0.002442756871230409	-1.7047182097199848e10
0.002592620355477937	-1.4107869813095081e10
0.0027516779859687226	-1.1161412966460491e10
0.002920493824892876	-9.23450020023974e9
0.003099666539736732	-7.633523895541082e9
0.0032898315263227462	-6.306964297680279e9
0.0034916631620981737	-5.2106497316219425e9
0.003705877197663331	-4.30676521154913e9
0.003933233295020474	-3.5630283162417307e9
0.004174537721544617	-2.9519911468840485e9
0.004430646209229802	-2.450435373044591e9
0.0047024669893506	-1.9901991276902752e9
0.004990964013300469	-1.661339208113833e9
0.005297160371029062	-1.1818773327662156e9
0.0056221419192011	-9.741365801314211e8
0.0059670611319433756	-8.236793693754482e8
0.006333141187835562	-6.808222139061407e8
0.00672168030763855	-5.694386427999392e8
0.007134056358143043	-4.648527477890831e8
0.007571731738464886	-3.784738711697224e8
0.00803625856611532	-3.1775034867343867e8
0.00852928418123741	-2.3551112439580142e8
0.009052556988528193	-1.990713601095344e8
0.009607932657563484	-1.6902578451620123e8
0.010197380703513642	-1.4389009095107546e8
0.010822991471587062	-1.2261383628534815e8
0.011486983549970353	-1.0445051221307583e8
0.012191711637553422	-8.886106878988871e7
0.012939674894340664	-7.544511206631209e7
0.013733525804161014	-6.389377279417231e7
0.014576079581106582	-5.395868589262878e7
0.015470324153057623	-4.543235602305469e7
0.016419430757698195	-3.813617352167018e7
0.017426765188598915	-3.3001259842010118e7
0.01849589973124847	-2.744675762900523e7
0.01963062583136242	-2.277396487694754e7
0.020834967540394517	-1.8851311106744662e7
0.02211319578593209	-1.5565610937923575e7
0.023469843517582245	-1.2819726459265478e7
0.024909721782060332	-1.0530469234207287e7
0.026437936784487408	-8.626725760979667e6
0.028059907996400752	-7.047799191011223e6
0.029781387374693363	-4.836446854109281e6
0.03160847975963827	-3.823501296414691e6
0.03354766452433444	-3.038622398739587e6
0.035605818552349365	-2.4546381291872435e6
0.03779024062504326	-2.110102450321162e6
0.04010867730505919	-1.6904644376067286e6
0.04256935040776889	-1.3510865706665786e6
0.04518098615809587	-1.0866507896328517e6
0.04795284613611371	-995779.0154868525
0.05089476012116123	-807138.3215941683
0.05401716095094893	-653537.691621509
0.057331121519276496	-519295.6441533143
0.06084839404356566	-416551.3353835608
0.06458145174146179	-340427.68610704143
0.068543533064301	-263283.6589215103
0.07274868864430672	-211036.01309983223
0.07721183112200368	-169241.3418613486
0.08194878803055058	-132207.30218022654
0.08697635792453458	-105936.91505920219
0.09231236995227497	-84980.32264215847
0.09797574708289648	-68128.22048643556
0.1039865732123924	-54607.91514977013
0.11036616438665468	-40982.65493150766
0.11713714439404625	-32872.032726324425
0.12432352499558999	-26299.8114718264
0.1319507910772895	-20994.558274226893
0.1400459910265582	-16714.10734280213
0.14863783265325556	-13268.09136412878
0.15775678499549084	-10500.749237905253
0.16743518637123006	-8284.411343131713
0.17770735905888185	-6535.233339449214
0.1886097310135564	-5097.833569391971
0.2001809650506316	-3964.2621241896454
0.21246209595475224	-3066.347253015027
0.2254966760004831	-2340.331159722917
0.23933092940067804	-1796.0725298189425
0.25401391623027547	-1373.5844340002216
0.26959770640684555	-1046.5619373646027
0.28613756434486504	-794.2005829271267
0.30369214493856295	-600.0194165986856
0.322323701568337	-436.84695396563984
0.34209830686839726	-327.4376062720715
0.3630860870385357	-244.26037196702822
0.38536147053095354	-181.1732378050968
0.40900345199406635	-134.47148703209612
0.4340958724092931	-98.48612424606708
0.46072771641428406	-71.69481704862011
0.4889934278669647	-50.23161968467998
0.5189932447694855	-36.01928570972132
0.5508335547397972	-25.755533461198024
0.5846272722914662	-18.418671964761913
0.620494239259651	-12.940880968793069
0.6585616497932804	-9.01262707868775
0.6989645014205523	-6.346590308472938
0.7418460737873758	-4.3492525414456145
0.7873584367664749	-2.9526926928822954
0.8356629897390663	-1.9849874040135276
0.8869310339615453	-1.2976937495556229
0.9413443800469414	-0.8557797220058074
0.9990959927154621	-0.5566485037920822
1.0603906751005594	-0.3579179259536261
1.1254457950372876	-0.22735450590819356
1.1944920559085392	-0.14257656150196105
1.267774314782826	-0.08825750404838219
1.3455524507449113	-0.053820807305329475
1.42810228649867	-0.03232374497554851
1.5157165665103975	-0.019182855936383175
1.6087059951613698	-0.011127852689251296
1.7074003385911911	-0.006338652640441128
1.812149594139413	-0.0035410591725789607
1.923325231532538	-0.0019376190537528663
2.041321510218051	-0.0010327093868716863
2.166556877517056	-0.0005435907398642965
2.2994754525537955	-0.00027730359129166977
2.4405486012244615	-0.00013788727869715336
2.5902766077905435	-0.00006638607078172806
2.7491904490247046	-0.0000312204956844041
2.9178536772007218	-0.000014495010423087736
3.0968644186051715	-6.364896059299981e-6
3.286857494658048	-2.712774379483164e-6
3.4885066731644847	-1.1152751242812119e-6
3.7025270576810367	-4.4278713993859764e-7
3.929677623469989	-1.6835963933408887e-7
4.170763909034759	-6.130036150812506e-8
4.426640872781448	-2.1329406279473345e-8
4.698215924936924	-7.0242281171216135e-9
4.986452145475579	-2.226771455455303e-9
5.2923716994662815	-6.642742090407652e-10
5.617059461951437	-1.8721212623206587e-10
5.961666865212816	-4.966693084421058e-11
6.327415982067745	-1.2351641273254264e-11
6.7156038596761105	-2.8681340733390506e-12
7.127607119226979	-6.192865658780245e-13
7.564886837816748	-1.2379510580049049e-13
8.028993729831114	-2.2805153498428764e-14
8.52157364620568	-3.852708591572904e-15
9.04437341106686	-5.938365431924411e-16
9.599247016451699	-8.305504514156403e-17
10.	-2.0485874265129926e-17
12.1125	-1.356470903539442e-20
14.225	-1.0441075901275552e-23
16.3375	-8.968747943593983e-27
18.45	-8.375643517083225e-30
20.5625	-8.355684152174616e-33
22.674999999999997	-8.796070078052108e-36
24.787499999999998	-9.683787405126794e-39
26.9	-1.1073741383718265e-41
29.0125	-1.308309912885443e-44
31.125	-1.5900695092057642e-47
33.2375	-1.980911485197558e-50
35.349999999999994	-2.5221337968463174e-53
37.4625	-3.2737042250555915e-56
39.574999999999996	-4.3227284174868245e-59
41.6875	-5.7961226498265916e-62
43.8	-7.879590745188187e-65
45.912499999999994	-1.0846114656849904e-67
48.025	-1.5098867700556053e-70
50.137499999999996	-2.1236074465132854e-73
52.25	-3.014937910527607e-76
54.3625	-4.3173535702133113e-79
56.474999999999994	-6.231494009338466e-82
58.5875	-9.060162688501875e-85
60.699999999999996	-1.3262091647385952e-87
62.81249999999999	-1.9534773339210106e-90
64.925	-2.8942433603914367e-93
67.0375	-4.311428302925449e-96
69.14999999999999	-6.455244498209215e-99
71.26249999999999	-9.711144360894363e-102
73.375	-1.4674665613300743e-104
75.4875	-2.2268535550282113e-107
77.6	-3.3926312048623935e-110
79.71249999999999	-5.1881001216115444e-113
81.82499999999999	-7.961962850556907e-116
83.9375	-1.226006653482563e-118
86.05	-1.8938857547097562e-121
88.1625	-2.934514837708386e-124
90.27499999999999	-4.560149187029932e-127
92.38749999999999	-7.1060032357036854e-130
94.5	-1.11025579574235e-132
96.6125	-1.7390959487552477e-135
98.725	-2.7307497774576484e-138
100.	-5.4205860901313280415e-140
103.9122303835169	-3.5201882128612692935e-145
107.97751623277094	-1.444221280280846159e-150
112.2018454301963	-3.6766288527068612453e-156
116.59144011798323	-5.7004438311234296913e-162
121.15276586285889	-5.2794380516908871031e-168
125.89254117941675	-2.862427150214938755e-174
130.81774742601942	-8.8972091326972800933e-181
135.93563908785256	-1.5512955996414674657e-187
141.2537544622754	-1.4833220840073712388e-194
146.7799267622069	-7.5974994903483047192e-202
152.52229565390184	-2.0342051651427468282e-209
158.48931924611142	-2.7757920324084812491e-217
164.6897865482869	-1.8801602201292180368e-225
171.1328304161781	-6.1506033645534197354e-234
177.82794100389228	-9.4447091709450500506e-243
184.78497974222907	-6.6093109573055704279e-252
192.0141938638801	-2.0439293925254034526e-261
199.52623149688787	-2.7054531674602078673e-271
207.3321573485954	-1.4827139261687807543e-281
215.44346900318845	-3.250363533358337977e-292
223.872113856834	-2.7497355636453724441e-303
232.63050671536263	-8.6487213091660759914e-315
241.73154808041036	-9.7296925323670963146e-327
251.18864315095797	-3.7606166612468507415e-339
261.0157215682536	-4.7893343558584237146e-352
271.22725793320296	-1.9243387020406697773e-365
281.8382931264455	-2.3317171679778516565e-379
292.8644564625237	-8.1300175457188460483e-394
304.32198871077225	-7.7690511772290954241e-409
316.22776601683796	-1.9342875275242750798e-424
328.59932476006543	-1.1904485857085558472e-440
341.4548873833601	-1.7147782769394480075e-457
354.8133892335753	-5.4621092142257257747e-475
368.69450645195735	-3.6270584163566068369e-493
383.1186849557289	-4.7225602292390517265e-512
398.1071705534973	-1.1312936445814467481e-531
413.68204023885073	-4.6666981383470371762e-552
429.86623470822764	-3.0946531096373423732e-573
446.683592150963	-3.0713934522454479542e-595
464.15888336127773	-4.2355115334039040343e-618
482.3178482239309	-7.512258838677646881e-642
501.18723362727246	-1.5814184387368545552e-666
520.7948328595465	-3.6347117543258679554e-692
541.1695265464638	-8.362602272672049645e-719
562.341325190349	-1.7598543864801816764e-746
584.3414133735175	-3.0842800467188054817e-775
607.2021956909883	-4.0837683350069006008e-805
630.957344480193	-3.6918583810213888455e-836
655.6418494179785	-2.0514279520230564745e-868
681.2920690579615	-6.2819437618503525444e-902
707.945784384138	-9.4655923044881790611e-937
735.6422544596413	-6.239288975705224653e-973
764.4222742526002	-1.5923365910547842223e-1010
794.3282347242813	-1.3861635889197843014e-1049
825.4041852680182	-3.6086874559879933951e-1090
857.6958985908946	-2.4509403242739612034e-1132
891.2509381337459	-3.7685641394245513323e-1176
926.1187281287937	-1.1321259490577112448e-1221
962.3506263980887	-5.7014557630224107419e-1269
1000.	-4.1047979428532351629e-1318
