0.0001	5.999999975000006e16
0.00010115794542598985	5.729955491697693e16
0.00010232929922807543	5.472065012260648e16
0.00010351421666793438	5.225781516405128e16
0.00010471285480508996	4.990582603815758e16
0.00010592537251772889	4.7659693860644216e16
0.00010715193052376066	4.551465428401018e16
0.00010839269140212037	4.346615739171496e16
0.00010964781961431851	4.150985804719526e16
0.00011091748152624013	3.964160667724819e16
0.00011220184543019636	3.785744047022959e16
0.00011350108156723152	3.615357497039975e16
0.0001148153621496883	3.4526396050585056e16
0.00011614486138403427	3.2972452246129972e16
0.00011748975549395293	3.148844743387744e16
0.00011885022274370184	3.0071233840649932e16
0.00012022644346174128	2.87178053664006e16
0.00012161860006463679	2.7425291207871824e16
0.00012302687708123816	2.6190949769236616e16
0.0001244514611771385	2.501216284680662e16
0.00012589254117941674	2.3886430075470544e16
0.00012735030810166617	2.2811363625084972e16
0.0001288249551693134	2.178468313556622e16
0.00013031667784522993	2.0804210879941016e16
0.0001318256738556407	1.986786714509552e16
0.0001333521432163324	1.8973665820424972e16
0.00013489628825916536	1.8119710185026904e16
0.00013645831365889248	1.7304188884501696e16
0.0001380384264602885	1.6525372088827166e16
0.00013963683610559378	1.5781607823156976e16
0.00014125375446227546	1.50713184637607e16
0.0001428893958511103	1.4392997391672268e16
0.00014454397707459277	1.374520579694914e16
0.00014621771744567183	1.3126569626763548e16
0.00014791083881682076	1.2535776670852216e16
0.00014962356560944336	1.197157377814241e16
0.00015135612484362083	1.1432764198650552e16
0.00015310874616820302	1.0918205045015042e16
0.0001548816618912481	1.042680486827894e16
0.0001566751070108149	9.957521342780332e15
0.00015848931924611134	9.509359055239908e15
0.00016032453906900413	9.081367393355998e15
0.00016218100973589298	8.672638529428243e15
0.00016405897731995394	8.282305494733524e15
0.00016595869074375604	7.909540340568956e15
0.00016788040181225602	7.553552382061683e15
0.00016982436524617443	7.213586521020286e15
0.00017179083871575882	6.888921644270281e15
0.00017378008287493755	6.578869094076352e15
0.00017579236139586926	6.282771207407001e15
0.0001778279410038923	5.999999920943078e15
0.00017988709151287878	5.729955438871254e15
0.00018197008586099837	5.472064960636688e15
0.00018407720014689558	5.22578146595627e15
0.00018620871366628676	4.990582554515255e15
0.00018836490894898008	4.765969337886136e15
0.00019054607179632473	4.551465381319402e15
0.00019275249131909362	4.34661569316159e15
0.00019498445997580456	4.150985759756937e15
0.0001972422736114854	3.9641606237856995e15
0.00019952623149688798	3.785744004084014e15
0.00020183663636815614	3.61535745507844e15
0.00020417379446695298	3.452639564052136e15
0.00020653801558105292	3.297245184540048e15
0.00020892961308540393	3.1488447042269635e15
0.00021134890398366465	3.007123345795625e15
0.0002137962089502232	2.871780499241809e15
0.00021627185237270202	2.742529084240218e15
0.00021877616239495524	2.619094941208612e15
0.00022130947096056375	2.5012162497785785e15
0.00022387211385683394	2.388642973439445e15
0.00022646443075930594	2.28113632917727e15
0.0002290867652767773	2.178468280984109e15
0.00023173946499684787	2.080421056163029e15
0.0002344228815319922	1.986786683403044e15
0.0002371373705661655	1.8973665516440592e15
0.00023988329190194904	1.811970988796206e15
0.00024266100950824155	1.7304188594198892e15
0.00024547089156850307	1.6525371805132442e15
0.00024831331052955704	1.5781607545919935e15
0.000251188643150958	1.5071318192834345e15
0.0002540972705549305	1.4392997126912955e15
0.0002570395782768864	1.374520553821648e15
0.0002600159563165272	1.312656937392037e15
0.0002630267991895382	1.253577642376444e15
0.000266072505979881	1.197157353667906e15
0.0002691534803926916	1.1432763962683575e15
0.00027227013080779127	1.0918204814419329e15
0.0002754228703338166	1.0426804642932229e15
0.000278612116862977	9.957521122563136e14
0.0002818382931264454	9.50935884003548e14
0.0002851018267503909	9.081367183050215e14
0.00028840315031266055	8.67263832390962e14
0.00029174270140011664	8.282305293893085e14
0.0002951209226666385	7.909540144300198e14
0.00029853826189179595	7.553552190260545e14
0.0003019951720402016	7.213586333585089e14
0.0003054921113215513	6.888921461101626e14
0.00030902954325135904	6.57886891507713e14
0.00031260793671239554	6.282771032482298e14
0.00031622776601683794	5.999999750000159e14
0.00031988951096913984	5.729955271819462e14
0.00032359365692962827	5.472064797387463e14
0.0003273406948788382	5.225781306423061e14
0.0003311311214825911	4.9905823986134694e14
0.00033496543915782767	4.765969185533105e14
0.00033884415613920257	4.551465232434354e14
0.0003427677865464504	4.3466155476655825e14
0.00034673685045253164	4.1509856175728206e14
0.00035075187395256803	3.964160484838102e14
0.0003548133892335755	3.785743868299252e14
0.0003589219346450052	3.615357322384515e14
0.00036307805477010135	3.452639434378694e14
0.0003672823004980847	3.297245057818334e14
0.0003715352290971726	3.1488445803897925e14
0.0003758374042884442	3.0071232247773356e14
0.0003801893963205612	2.8717803809782325e14
0.0003845917820453536	2.7425289686686522e14
0.0003890451449942806	2.6190948282677775e14
0.0003935500754557774	2.5012161394086028e14
0.0003981071705534972	2.3886428655817925e14
0.00040271703432545906	2.2811362237747638e14
0.00040738027780411277	2.178468177980858e14
0.0004120975190973302	2.080420955504423e14
0.00041686938347033545	1.9867865850357056e14
0.00042169650342858224	1.8973664555158406e14
0.0004265795188015927	1.811970894856135e14
0.00043151907682776523	1.7304187676181606e14
0.000436515832240166	1.652537090801179e14
0.00044157044735331256	1.5781606669220256e14
0.00044668359215096316	1.5071317336090825e14
0.00045185594437492237	1.4392996289671338e14
0.00045708818961487504	1.3745204720032834e14
0.0004623810213992603	1.3126568574360894e14
0.0004677351412871982	1.2535775642405197e14
0.00047315125896148046	1.1971572773105714e14
0.0004786300923226383	1.1432763216491325e14
0.00048417236758409933	1.0918204085212514e14
0.0004897788193684462	1.0426803930324206e14
0.0004954501908047903	9.957520426176072e13
0.0005011872336272722	9.509358159500147e13
0.0005069907082747044	9.081366518005784e13
0.0005128613839913648	8.672637674003472e13
0.0005188000389289611	8.282304658780631e13
0.0005248074602497725	7.909539523644716e13
0.0005308844442309884	7.553551583732925e13
0.0005370317963702527	7.213585740863744e13
0.0005432503314924332	6.888920881872292e13
0.0005495408738576246	6.5788683490327e13
0.0005559042572704036	6.282770479322639e13
0.0005623413251903491	5.999999209431964e13
0.0005688529308438415	5.729954743556136e13
0.000575439937337157	5.472064281148911e13
0.0005821032177708715	5.225780801935554e13
0.0005888436553555889	4.9905819056095234e13
0.0005956621435290105	4.765968703751327e13
0.0006025595860743578	4.5514647616192984e13
0.0006095368972401691	4.3466150875676125e13
0.0006165950018614822	4.150985167947985e13
0.0006237348354824193	3.9641600454479945e13
0.0006309573444801933	3.785743438910907e13
0.0006382634861905487	3.615356902770275e13
0.0006456542290346556	3.452639024316068e13
0.0006531305526474723	3.2972446570898945e13
0.000660693448007596	3.1488441887830715e13
0.0006683439175686147	3.007122842084697e13
0.0006760829753919818	2.8717800069967684e13
0.0006839116472814293	2.7425286032000727e13
0.0006918309709189366	2.619094471118303e13
0.0006998419960022735	2.5012157903888656e13
0.0007079457843841379	2.3886425245067426e13
0.0007161434102129021	2.281135890463553e13
0.00072443596007499	2.1784678522567586e13
0.0007328245331389041	2.0804206371947348e13
0.0007413102413009175	1.986786273971658e13
0.0007498942093324559	1.8973661515325008e13
0.0007585775750291837	1.8119705977923266e13
0.0007673614893618189	1.7304184773163723e13
0.0007762471166286917	1.6525368071074926e13
0.0007852356346100719	1.5781603896860225e13
0.0007943282347242815	1.5071314626837652e13
0.0008035261221856172	1.439299364208852e13
0.0008128305161640993	1.3745202132716625e13
0.0008222426499470711	1.3126566045939428e13
0.000831763771102671	1.2535773171537867e13
0.0008413951416451951	1.197157035848246e13
0.0008511380382023765	1.143276085683184e13
0.0008609937521846006	1.0918201779265697e13
0.0008709635899560807	1.0426801676867383e13
0.000881048873008014	9.957518224014438e12
0.0008912509381337456	9.509356007466082e12
0.0009015711376059569	9.081364414958215e12
0.0009120108393559097	8.672635618827365e12
0.0009225714271547631	8.282302650386285e12
0.000933254300796991	7.909537560967231e12
0.0009440608762859234	7.553549665731687e12
0.000954992586021436	7.213583866521782e12
0.0009660508789898133	6.888919050195809e12
0.0009772372209558107	6.578866559050493e12
0.0009885530946569388	6.2827687300856455e12
0.001	5.999997500012704e12
0.0010115794542598987	5.729953073048247e12
0.0010232929922807542	5.472062648666652e12
0.001035142166679344	5.225779206613373e12
0.0010471285480508996	4.990580346601543e12
0.001059253725177289	4.765967180230939e12
0.0010715193052376066	4.551463272778706e12
0.0010839269140212036	4.3466136326173994e12
0.0010964781961431851	4.1509837461167227e12
0.0011091748152624013	3.964158655981798e12
0.0011220184543019637	3.7857420810730605e12
0.0011350108156723152	3.615355575840823e12
0.0011481536214968829	3.45263772759145e12
0.0011614486138403427	3.2972433898825703e12
0.0011748975549395293	3.1488429504211406e12
0.0011885022274370184	3.0071216319115557e12
0.0012022644346174128	2.8717788243707637e12
0.001216186000646368	2.74252744749415e12
0.0012302687708123814	2.6190933417196943e12
0.001244514611771385	2.501214686698734e12
0.0012589254117941673	2.3886414459398965e12
0.0012735030810166617	2.2811348364481157e12
0.0012882495516931339	2.1784668222338728e12
0.0013031667784522993	2.0804196306182598e12
0.001318256738556407	1.9867852903078901e12
0.001333521432163324	1.897365190259877e12
0.0013489628825916536	1.8119696584011682e12
0.0013645831365889248	1.7304175593085928e12
0.0013803842646028849	1.652535909996349e12
0.0013963683610559378	1.5781595129958467e12
0.0014125375446227546	1.5071306059497202e12
0.001428893958511103	1.4392985269766814e12
0.0014454397707459278	1.3745193950974468e12
0.0014621771744567184	1.3126558050438696e12
0.0014791083881682077	1.2535765358039202e12
0.0014962356560944334	1.1971562722842961e12
0.0015135612484362083	1.1432753395002947e12
0.0015310874616820303	1.0918194487290975e12
0.0015488166189124811	1.0426794550880513e12
0.0015667510701081488	9.95751126023705e11
0.0015848931924611134	9.509349202205831e11
0.0016032453906900412	9.081357764606829e11
0.0016218100973589297	8.67262911985864e11
0.0016405897731995391	8.282296299354344e11
0.0016595869074375604	7.90953135450462e11
0.0016788040181225602	7.553543600547595e11
0.0016982436524617442	7.213577939400322e11
0.001717908387157588	6.888913257994285e11
0.0017378008287493754	6.578860898697749e11
0.0017579236139586927	6.282763198580431e11
0.001778279410038923	5.999992094422096e11
0.001798870915128788	5.729947790506068e11
0.0018197008586099837	5.472057486371978e11
0.0018407720014689559	5.225774161829011e11
0.0018620871366628676	4.990575416652649e11
0.0018836490894898006	4.765962362503527e11
0.0019054607179632475	4.5514585647182935e11
0.0019275249131909362	4.3466090317276654e11
0.0019498445997580456	4.1509792499581586e11
0.0019724227361148537	3.964154262170423e11
0.00199526231496888	3.7857377872791675e11
0.002018366363681561	3.615351379787728e11
0.0020417379446695297	3.4526336270543024e11
0.0020653801558105293	3.2972393826871497e11
0.0020892961308540394	3.1488390344427313e11
0.0021134890398366466	3.0071178050737976e11
0.0021379620895022318	2.871775084644569e11
0.00216271852372702	2.7425237928966058e11
0.0021877616239495525	2.6190897703130292e11
0.0022130947096056374	2.5012111965893005e11
0.0022387211385683395	2.3886380352771298e11
0.0022646443075930596	2.2811315034235846e11
0.002290867652767773	2.178463565080312e11
0.0023173946499684787	2.0804164476086346e11
0.002344228815319922	1.9867821797544687e11
0.0023713737056616554	1.897362150513353e11
0.0023988329190194903	1.811966687849777e11
0.0024266100950824155	1.7304146563772513e11
0.0024547089156850307	1.6525330731458344e11
0.0024831331052955707	1.5781567407219803e11
0.0025118864315095803	1.507127896782544e11
0.0025409727055493055	1.4392958794797073e11
0.002570395782768864	1.3745168078668887e11
0.002600159563165272	1.3126532767078922e11
0.002630267991895382	1.2535740650219115e11
0.0026607250597988096	1.1971538577461661e11
0.002691534803926916	1.143272979925771e11
0.0027227013080779127	1.0918171428670526e11
0.0027542287033381664	1.0426772017158333e11
0.0027861211686297698	9.957489239464973e10
0.002818382931264454	9.509327682707623e10
0.002851018267503909	9.081336734972058e10
0.0028840315031266055	8.672608568936636e10
0.0029174270140011668	8.282276216248203e10
0.0029512092266663855	7.909511728565521e10
0.0029853826189179594	7.55352442136912e10
0.003019951720402016	7.213559196812888e10
0.003054921113215513	6.888894942059824e10
0.0030902954325135908	6.5788429997044136e10
0.0031260793671239553	6.282745707037439e10
0.0031622776601683794	5.9999750010547e10
0.003198895109691398	5.729931086250636e10
0.003235936569296283	5.4720411623712006e10
0.003273406948788382	5.225758209427201e10
0.0033113112148259113	4.990559827391128e10
0.003349654391578277	4.765947128116174e10
0.0033884415613920256	4.5514436771271324e10
0.0034276778654645035	4.346594483038614e10
0.0034673685045253162	4.150965032456814e10
0.00350751873952568	3.964140368317999e10
0.003548133892335755	3.785724209708458e10
0.003589219346450052	3.6153381112992516e10
0.0036307805477010136	3.452620660612429e10
0.003672823004980847	3.2972267114164272e10
0.0037153522909717258	3.148826651624194e10
0.003758374042884442	3.0071057041414265e10
0.0038018939632056123	2.871763259181805e10
0.003845917820453536	2.7425122366329697e10
0.003890451449942806	2.6190784771207485e10
0.0039355007545577745	2.5012001604800884e10
0.003981071705534972	2.3886272503990223e10
0.004027170343254591	2.281120964057821e10
0.004073802778041128	2.178453265638305e10
0.004120975190973302	2.0804063826290024e10
0.004168693834703354	1.9867723439001575e10
0.004216965034285822	1.897352538568791e10
0.004265795188015927	1.8119572947180996e10
0.004315190768277652	1.7304054770776455e10
0.00436515832240166	1.6525241028108295e10
0.004415704473533125	1.5781479745949188e10
0.004466835921509631	1.5071193302150461e10
0.004518559443749224	1.439287507929198e10
0.00457088189614875	1.3745086268941929e10
0.004623810213992603	1.3126452819748873e10
0.004677351412871982	1.253566252289219e10
0.004731512589614805	1.1971462228709063e10
0.004786300923226384	1.1432655188593792e10
0.0048417236758409934	1.0918098516531067e10
0.004897788193684462	1.0426700764879717e10
0.0049545019080479025	9.957419609263763e9
0.005011872336272723	9.509259637660402e9
0.005069907082747044	9.08127023899588e9
0.005128613839913649	8.672543586769855e9
0.005188000389289611	8.282212713431915e9
0.0052480746024977255	7.909449671425146e9
0.005308844442309883	7.553463776996592e9
0.005370317963702527	7.213499933049271e9
0.005432503314924332	6.888837027478177e9
0.0054954087385762455	6.578786403593164e9
0.005559042572704036	6.282690399384102e9
0.005623413251903491	5.999920952529944e9
0.005688529308438415	5.72987826819276e9
0.005754399373371569	5.471989546770927e9
0.005821032177708715	5.225707768912815e9
0.005888436553555889	4.990510535213957e9
0.005956621435290105	4.765898958136434e9
0.006025595860743578	4.551396603800079e9
0.006095368972401692	4.346548481400924e9
0.006165950018614822	4.1509200781134133e9
0.006237348354824193	3.9640964374291306e9
0.006309573444801933	3.7856812789770236e9
0.006382634861905486	3.6152961579584303e9
0.006456542290346555	3.452579662413668e9
0.0065313055264747235	3.297186646617599e9
0.00660693448007596	3.1487874989780793e9
0.006683439175686146	3.007067442884471e9
0.0067608297539198175	2.8717258690230637e9
0.006839116472814293	2.7424756977433834e9
0.006918309709189365	2.6190427701226273e9
0.006998419960022735	2.501165266436838e9
0.0070794578438413795	2.3885931508050904e9
0.007161434102129021	2.281087640828896e9
0.0072443596007499	2.1784207011017246e9
0.007328245331389041	2.0803745595143805e9
0.007413102413009175	1.986741245330234e9
0.007498942093324559	1.8973221480504732e9
0.007585775750291838	1.8119275961337395e9
0.0076736148936181895	1.7303764546764488e9
0.007762471166286917	1.652495741200561e9
0.007852356346100719	1.5781202587336946e9
0.007943282347242816	1.5070922454033923e9
0.008035261221856172	1.4392610398022327e9
0.008128305161640993	1.3744827614140232e9
0.008222426499470711	1.3126200054231567e9
0.008317637711026709	1.2535415512598457e9
0.008413951416451952	1.1971220842629657e9
0.008511380382023764	1.1432419298701513e9
0.008609937521846007	1.0917867997713094e9
0.008709635899560806	1.0426475494871137e9
0.00881048873008014	9.957199468582662e8
0.008912509381337455	9.509044509544674e8
0.009015711376059568	9.081060009341216e8
0.009120108393559099	8.672338144069337e8
0.009225714271547631	8.282011948716762e8
0.00933254300796991	7.909253478207054e8
0.009440608762859234	7.553272051211212e8
0.00954992586021436	7.213312573001065e8
0.009660508789898133	6.888653933786457e8
0.009772372209558107	6.578607479139428e8
0.009885530946569389	6.282515549260551e8
0.01	5.999750083989128e8
0.010115794542598986	5.729711290598426e8
0.010232929922807542	5.47182637154995e8
0.01035142166679344	5.225548309508252e8
0.010471285480508997	4.9903547070391417e8
0.01059253725177289	4.765746678530121e8
0.010715193052376067	4.5512477919826174e8
0.010839269140212037	4.346403058431447e8
0.01096478196143185	4.150777966847975e8
0.011091748152624013	3.963957562479766e8
0.011220184543019637	3.7855455666718274e8
0.011350108156723153	3.615163536302482e8
0.01148153621496883	3.452450061050841e8
0.011614486138403428	3.297059996793275e8
0.011748975549395295	3.1486637335026824e8
0.011885022274370183	3.006946496097839e8
0.01202264434617413	2.871607676759662e8
0.01216186000646368	2.7423601972982514e8
0.012302687708123816	2.6189299002181518e8
0.01244514611771385	2.5010549671902472e8
0.012589254117941673	2.3884853636967164e8
0.012735030810166617	2.2809823086711425e8
0.012882495516931339	2.17831776800874e8
0.013031667784522994	2.0802739708724383e8
0.013182567385564071	1.9866429477687642e8
0.01333521432163324	1.8972260894137704e8
0.013489628825916537	1.8118337254533017e8
0.013645831365889247	1.7302847221439716e8
0.01380384264602885	1.6524060981415105e8
0.013963683610559378	1.5780326575815025e8
0.014125375446227545	1.5070066396742404e8
0.01428893958511103	1.4391773840704095e8
0.014454397707459278	1.374401011287825e8
0.014621771744567184	1.3125401175213654e8
0.014791083881682078	1.2534634831887184e8
0.014962356560944336	1.1970457945937628e8
0.015135612484362083	1.1431673781171638e8
0.015310874616820304	1.0917139463703984e8
0.01548816618912481	1.042576355774733e8
0.01566751070108149	9.956503750509557e7
0.015848931924611134	9.508364641288278e7
0.016032453906900414	9.080395630072328e7
0.0162181009735893	8.671688901172239e7
0.016405897731995394	8.281377497602275e7
0.016595869074375606	7.908633482129794e7
0.016788040181225605	7.552666181091094e7
0.016982436524617443	7.212720507248752e7
0.017179083871575882	6.88807535813293e7
0.017378008287493755	6.578042086469309e7
0.017579236139586927	6.281963039449244e7
0.01778279410038923	5.999210163743752e7
0.01798870915128788	5.7291836733022526e7
0.018197008586099836	5.4713107771104574e7
0.018407720014689558	5.225044464208602e7
0.018620871366628676	4.989862343393102e7
0.018836490894898007	4.765265535140166e7
0.019054607179632477	4.550777613401375e7
0.019275249131909363	4.345943595026262e7
0.019498445997580455	4.150328974668527e7
0.01972422736114854	3.963518803128723e7
0.0199526231496888	3.785116807178487e7
0.020183663636815615	3.614744548999183e7
0.020417379446695298	3.45204062345231e7
0.020653801558105294	3.2966598914786026e7
0.020892961308540393	3.1482727480001096e7
0.021134890398366468	3.006564422772046e7
0.021379620895022322	2.871234312701714e7
0.021627185237270204	2.741995344217982e7
0.021877616239495523	2.6185733643390574e7
0.022130947096056376	2.5007065591467187e7
0.022387211385683396	2.388144898433656e7
0.022646443075930597	2.280649605345824e7
0.02290867652767773	2.1779926498949483e7
0.023173946499684787	2.0799562652667433e7
0.023442288153199223	1.9863324858989574e7
0.023713737056616554	1.8969227063493885e7
0.023988329190194904	1.811537260018172e7
0.024266100950824154	1.7299950168307506e7
0.024547089156850305	1.6521229990281757e7
0.024831331052955707	1.577756014249739e7
0.0251188643150958	1.5067363051296938e7
0.025409727055493055	1.4389132146647293e7
0.02570395782768864	1.3741428666425232e7
0.02600159563165272	1.3122878604533708e7
0.02630267991895382	1.2532169796376415e7
0.0266072505979881	1.196804913550818e7
0.026915348039269163	1.1429319915557094e7
0.027227013080779128	1.0914839291780487e7
0.027542287033381664	1.0423515856870241e7
0.0278612116862977	9.95430732586523e6
0.02818382931264454	9.50621832526048e6
0.028510182675039093	9.078298281623228e6
0.028840315031266057	8.669639405237345e6
0.029174270140011668	8.279374764499247e6
0.029512092266663854	7.906676446980672e6
0.029853826189179596	7.550753803257689e6
0.03019951720402016	7.210851769780853e6
0.03054921113215513	6.88624926722915e6
0.030902954325135908	6.576257670950134e6
0.03126079367123955	6.280219350242078e6
0.0316227766016838	5.997506273379715e6
0.031988951096913985	5.72751867542444e6
0.03235936569296283	5.469683785993366e6
0.03273406948788382	5.2234546142885005e6
0.03311311214825911	4.988308788809063e6
0.033496543915782766	4.763747449285658e6
0.033884415613920256	4.549294188485898e6
0.03427677865464503	4.344494041647081e6
0.034673685045253165	4.148912521392152e6
0.0350751873952568	3.962134696081818e6
0.03548133892335755	3.783764309648171e6
0.035892193464500524	3.613422941042445e6
0.03630780547701014	3.450749201514242e6
0.03672823004980847	3.2953979680194003e6
0.03715352290971726	3.1470396511304914e6
0.03758374042884442	3.0053594958970346e6
0.038018939632056124	2.8700569141724864e6
0.038459178204535364	2.740844846991639e6
0.03890451449942806	2.6174491556461994e6
0.03935500754557775	2.4996080401664986e6
0.03981071705534972	2.387071483976284e6
0.04027170343254591	2.2796007235423075e6
0.04073802778041127	2.1769677418938586e6
0.04120975190973303	2.0789547849379065e6
0.04168693834703355	1.9853538995438982e6
0.042169650342858224	1.8959664924183355e6
0.04265795188015927	1.810602908833526e6
0.043151907682776526	1.7290820303168502e6
0.043651583224016605	1.6512308904472038e6
0.044157044735331254	1.576884307943647e6
0.04466835921509632	1.5058845362679847e6
0.04518559443749224	1.4380809289980205e6
0.045708818961487506	1.3733296202616731e6
0.04623810213992603	1.3114932195541142e6
0.04677351412871982	1.252440520290579e6
0.04731512589614805	1.1960462214766487e6
0.04786300923226383	1.14219066190555e6
0.048417236758409934	1.090759566318788e6
0.048977881936844624	1.0416438029915467e6
0.04954501908047903	994739.1522287129
0.05011872336272723	949946.0852804503
0.05069907082747044	907169.5532083831
0.05128613839913648	866318.7852544683
0.05188000389289611	827307.0962849675
0.05248074602497726	790051.7029009655
0.05308844442309884	754473.5478254335
0.05370317963702527	720497.1321943155
0.05432503314924332	688050.3553958775
0.054954087385762455	657064.3621186201
0.055590425727040364	627473.3962832851
0.05623413251903491	599214.6615491236
0.05688529308438415	572228.1880985481
0.057543993733715694	546456.7054175733
0.058210321777087154	521845.5208021997
0.0588843655355589	498342.40333302016
0.05956621435290105	475897.4730719391
0.06025595860743578	454463.0952459705
0.060953689724016914	433993.7791936577
0.06165950018614822	414446.08185973944
0.06237348354824193	395778.5156334023
0.06309573444801933	377951.46033455816
0.06382634861905487	360927.0791615152
0.06456542290346555	344669.2384217072
0.06531305526474723	329143.430875225
0.0660693448007596	314316.70252855774
0.06683439175686147	300157.58272323234
0.06760829753919817	286636.01737107744
0.06839116472814293	273723.305194478
0.06918309709189366	261392.03683636742
0.06998419960022735	249616.03671080532
0.07079457843841379	238370.30747078755
0.0716143410212902	227630.97697549209
0.072443596007499	217375.24764446748
0.07328245331389041	207581.34809132837
0.07413102413009175	198228.486934368
0.07498942093324559	189296.8086861016
0.07585775750291839	180767.35162817684
0.0767361489361819	172622.0075822922
0.07762471166286918	164843.48349178687
0.0785235634610072	157415.2647324046
0.07943282347242815	150321.58007441246
0.08035261221856173	143547.36822173826
0.08128305161640993	137078.24585715964
0.08222426499470711	130900.47712574879
0.0831763771102671	125000.9444918505
0.08413951416451952	119367.12090776229
0.08511380382023764	113987.04323508687
0.08609937521846006	108849.28686237361
0.08709635899560808	103942.94146520407
0.0881048873008014	99257.5878573055
0.08912509381337456	94783.27588358322
0.0901571137605957	90510.50330818021
0.09120108393559098	86430.19565277622
0.09225714271547632	82533.68694235865
0.09332543007969911	78812.70131762273
0.09440608762859234	75259.33547499197
0.0954992586021436	71866.04189701198
0.09660508789898134	68625.61283754217
0.09772372209558107	65531.165027773284
0.09885530946569389	62576.125070628106
0.1	59754.21549256049
0.10115794542598985	57059.44142316596
0.10232929922807542	54486.07787434517
0.10351421666793438	52028.657592035874
0.10471285480508996	49681.959454742915
0.10592537251772889	47440.997394254766
0.10715193052376065	45301.00981504437
0.10839269140212036	43257.449489907856
0.1096478196143185	41305.973910408095
0.11091748152624012	39442.43607165019
0.11220184543019636	37662.87567184231
0.11350108156723152	35963.51070797169
0.1148153621496883	34340.72944976672
0.11614486138403426	32791.08277491953
0.11748975549395294	31311.27684930866
0.11885022274370183	29898.166136693242
0.12022644346174129	28548.74672305034
0.12161860006463679	27260.149941392418
0.12302687708123815	26029.63628354141
0.1244514611771385	24854.5895859432
0.12589254117941673	23732.511477188174
0.12735030810166617	22661.016075458483
0.1288249551693134	21637.824924653243
0.13031667784522993	20660.762158448328
0.1318256738556407	19727.749882032032
0.1333521432163324	18836.80376171855
0.13489628825916536	17986.02881308336
0.13645831365889247	17173.615378684266
0.1380384264602885	16397.835286835663
0.13963683610559377	15657.038183286157
0.14125375446227545	14949.648028017691
0.1428893958511103	14274.159749733652
0.14454397707459277	13629.136050938476
0.14621771744567183	13013.204356830727
0.14791083881682077	12425.053901536365
0.14962356560944334	11863.432945500494
0.15135612484362082	11327.146118134304
0.15310874616820302	10815.051880079092
0.1548816618912481	10326.060099703574
0.15667510701081488	9859.12973869263
0.15848931924611134	9413.266641817292
0.16032453906900412	8987.521426196627
0.16218100973589297	8580.987465573291
0.16405897731995392	8192.798965326236
0.16595869074375605	7822.129124136083
0.16788040181225602	7468.188378403269
0.16982436524617442	7130.222725693717
0.17179083871575881	6807.5121236552295
0.17378008287493754	6499.368961007391
0.17579236139586926	6205.136597360854
0.1778279410038923	5924.187968768001
0.1798870915128788	5655.9242560461735
0.18197008586099836	5399.773613047992
0.18407720014689558	5155.189952180506
0.18620871366628675	4921.651784596217
0.18836490894898006	4698.661112595088
0.19054607179632474	4485.742371887424
0.1927524913190936	4282.4414214733115
0.19498445997580455	4088.3245789951784
0.19724227361148539	3902.9776995166662
0.19952623149688797	3726.0052957731705
0.20183663636815613	3557.029698027087
0.20417379446695297	3395.690251745253
0.20653801558105292	3241.642551395955
0.20892961308540392	3094.557708739694
0.21134890398366465	2954.1216540610467
0.2137962089502232	2820.03446885879
0.21627185237270202	2692.0097485782517
0.21877616239495523	2569.7739940336223
0.22130947096056375	2453.0660302286824
0.22387211385683395	2341.6364513427457
0.22646443075930595	2235.2470907039205
0.2290867652767773	2133.670514624957
0.23173946499684786	2036.6895390274963
0.2344228815319922	1944.0967678288976
0.23713737056616552	1855.6941521120375
0.23988329190194904	1771.292569142521
0.24266100950824154	1690.7114203398237
0.24547089156850305	1613.778247349247
0.24831331052955705	1540.3283653997607
0.251188643150958	1470.2045131696677
0.25409727055493053	1403.2565184169503
0.2570395782768864	1339.3409786646318
0.2600159563165272	1278.3209562634315
0.2630267991895382	1220.065687184496
0.26607250597988097	1164.4503029241555
0.2691534803926916	1111.355564930367
0.2722701308077913	1060.6676109872415
0.2754228703338166	1012.277713019263
0.278612116862977	966.0820458011501
0.28183829312644537	921.9814660823977
0.2851018267503909	879.881301657653
0.28840315031266056	839.6911499351739
0.29174270140011666	801.324685575785
0.29512092266663853	764.6994767939858
0.29853826189179594	729.7368099312497
0.3019951720402016	696.3615219290964
0.3054921113215513	664.5018403463034
0.30902954325135906	634.0892305806076
0.3126079367123955	605.058249970564
0.31622776601683794	577.3464084677868
0.3198895109691398	550.894035583801
0.32359365692962827	525.6441533289849
0.3273406948788382	501.5423548738464
0.3311311214825911	478.5366886750003
0.33496543915782767	456.5775478198055
0.33884415613920255	435.61756435471534
0.34276778654645035	415.6115083729537
0.3467368504525316	396.5161916472358
0.350751873952568	378.29037560290215
0.35481338923357547	360.8946834360398
0.3589219346450052	344.2915161899676
0.36307805477010135	328.4449726118587
0.3672823004980847	313.32077261929936
0.37153522909717257	298.8861842142458
0.3758374042884442	285.10995368915263
0.3801893963205612	271.96223897704147
0.3845917820453536	259.41454600394763
0.3890451449942806	247.43966790854972
0.3935500754557774	236.01162699988853
0.3981071705534972	225.10561932987352
0.4027170343254591	214.69796176284476
0.40738027780411273	204.76604142974242
0.4120975190973302	195.28826745951028
0.4168693834703354	186.24402488518578
0.4216965034285822	177.6136306267483
0.42657951880159267	169.37829145720855
0.43151907682776525	161.5200638626267
0.436515832240166	154.02181571077426
0.4415704473533125	146.8671896469852
0.44668359215096315	140.04056813942057
0.4518559443749224	133.52704009946288
0.457088189614875	127.31236900630203
0.4623810213992603	121.3829624679777
0.4677351412871982	115.72584315417657
0.47315125896148047	110.3286210390109
0.4786300923226383	105.17946689477743
0.4841723675840993	100.26708698035499
0.4897788193684462	95.58069887043423
0.49545019080479025	91.11000837419832
0.5011872336272722	86.84518749438335
0.5069907082747044	82.77685337985932
0.5128613839913648	78.89604822698057
0.5188000389289611	75.19422008697104
0.5248074602497725	71.66320453853159
0.5308844442309884	68.29520718669764
0.5370317963702527	65.08278695072708
0.5432503314924332	62.018840105474176
0.5495408738576245	59.09658504231015
0.5559042572704036	56.30954771717242
0.5623413251903491	53.65154775479057
0.5688529308438415	51.11668517952629
0.5754399373371569	48.699327744599145
0.5821032177708715	46.394098832737654
0.5888436553555889	44.19586590251305
0.5956621435290105	42.09972945576831
0.6025595860743578	40.10101250266624
0.6095368972401691	38.195250501933934
0.6165950018614822	36.37818175489294
0.6237348354824193	34.64573823282856
0.6309573444801932	32.994036818170954
0.6382634861905486	31.4193709408416
0.6456542290346555	29.918202591958398
0.6531305526474723	28.487154697892777
0.660693448007596	27.123003838441505
0.6683439175686147	25.822673293602648
0.6760829753919817	24.583226404148533
0.6839116472814293	23.401860231851416
0.6918309709189365	22.275899505856813
0.6998419960022735	21.202790842307657
0.7079457843841379	20.180097224901633
0.7161434102129021	19.205492734621394
0.72443596007499	18.276757517404523
0.732824533138904	17.39177297902832
0.7413102413009175	16.548517196965285
0.7498942093324559	15.745060539429222
0.7585775750291838	14.979561482269881
0.7673614893618189	14.250262614796805
0.7762471166286917	13.55548682601366
0.7852356346100718	12.89363366312873
0.7943282347242815	12.263175854573397
0.8035261221856173	11.662655990110489
0.8128305161640993	11.090683350948428
0.8222426499470711	10.545930883096512
0.831763771102671	10.027132307501358
0.8413951416451951	9.533079360795217
0.8511380382023764	9.062619160765426
0.8609937521846006	8.614651690919365
0.8709635899560807	8.188127398772522
0.881048873008014	7.782044902729911
0.8912509381337456	7.3954488026618055
0.9015711376059569	7.02742758949553
0.9120108393559098	6.677111649356129
0.9225714271547631	6.343671357989747
0.933254300796991	6.026315261396055
0.9440608762859234	5.724288338779335
0.954992586021436	5.436870344103639
0.9660508789898133	5.163374222704222
0.9772372209558107	4.90314459956801
0.9885530946569389	4.655556336048055
1.	4.420013151922895
1.0115794542598986	4.195946309851134
1.023292992280754	3.9828133594042257
1.035142166679344	3.78009693798766
1.0471285480508996	3.5873036260819706
1.0592537251772889	3.403962854350664
1.0715193052376064	3.2296258602728853
1.0839269140212036	3.063864692064188
1.096478196143185	2.9062712577495957
1.109174815262401	2.7564564173494848
1.1220184543019633	2.6140491162307513
1.135010815672315	2.478695557763592
1.1481536214968828	2.350058413507989
1.1614486138403428	2.2278160692342435
1.1748975549395295	2.11166190515819
1.1885022274370185	2.0013036088448906
1.202264434617413	1.8964625193043612
1.216186000646368	1.796873000869294
1.2302687708123816	1.702281845508616
1.244514611771385	1.6124477022912425
1.2589254117941673	1.52714053277245
1.2735030810166617	1.446141091130727
1.288249551693134	1.3692404279357506
1.3031667784522993	1.2962394164787343
1.318256738556407	1.2269483006445556
1.333521432163324	1.161186263351165
1.3489628825916535	1.09878101462574
1.3645831365889245	1.039568398429047
1.3803842646028848	0.9833920173795904
1.3963683610559376	0.9301028745674023
1.4125375446227544	0.8795590316839274
1.428893958511103	0.8316252827293482
1.4454397707459274	0.7861728425920709
1.4621771744567182	0.7430790498269166
1.4791083881682074	0.7022270829889932
1.4962356560944334	0.66350568990923
1.5135612484362082	0.6268089293253285
1.53108746168203	0.5920359243083213
1.5488166189124815	0.5590906269502351
1.566751070108149	0.5278815938025199
1.5848931924611136	0.4983217715778997
1.6032453906900415	0.47032829265039905
1.62181009735893	0.44382227990924905
1.6405897731995394	0.4187286605425054
1.6595869074375607	0.3949759883453462
1.6788040181225603	0.3724962741663422
1.6982436524617444	0.3512248241224637
1.717908387157588	0.33110008523028267
1.7378008287493754	0.312063498116759
1.7579236139586927	0.2940593564882352
1.7782794100389228	0.27703467305077356
1.7988709151287878	0.2609390515888682
1.8197008586099834	0.2457245649227975
1.840772001468956	0.23134563847754877
1.8620871366628675	0.21775893920831632
1.8836490894898006	0.2049232696391165
1.9054607179632472	0.19279946678208
1.927524913190936	0.18135030571549426
1.9498445997580451	0.17054040760871492
1.9724227361148536	0.16033615199165674
1.9952623149688795	0.1507055930757259
2.0183663636815607	0.141618379941805
2.041737944669529	0.1330456804192413
2.0653801558105296	0.12496010848777425
2.0892961308540396	0.1173356550419312
2.113489039836647	0.11014762186470264
2.137962089502232	0.10337255866423868
2.1627185237270203	0.09698820303393757
2.1877616239495525	0.09097342320261995
2.2130947096056377	0.08530816344752458
2.2387211385683394	0.0799733920486285
2.2646443075930596	0.07495105166829714
2.290867652767773	0.07022401204553333
2.3173946499684783	0.06577602489910582
2.344228815319922	0.06159168093863746
2.371373705661655	0.05765636888730539
2.3988329190194904	0.05395623642417299
2.4266100950824154	0.050478152958348
2.4547089156850306	0.04720967415114042
2.4831331052955705	0.04413900810619751
2.51188643150958	0.04125498315122216
2.540972705549305	0.038547017138347225
2.5703957827688635	0.03600508819354722
2.600159563165272	0.03361970684862622
2.6302679918953817	0.0313818894923394
2.6607250597988097	0.0292831330800818
2.6915348039269156	0.02731539104432894
2.7227013080779123	0.02547105035063734
2.7542287033381663	0.023742909646518467
2.78612116862977	0.02212415845289133
2.8183829312644537	0.020608357350102725
2.8510182675039095	0.019189419112683827
2.884031503126606	0.017861590749093013
2.917427014001167	0.01661943640468138
2.9512092266663856	0.015457821088014786
2.9853826189179595	0.014371895182495561
3.019951720402016	0.013357079706957424
3.054921113215513	0.012409052290555639
3.0902954325135905	0.011523733828850725
3.126079367123955	0.010697275789487733
3.1622776601683795	0.009926048137308513
3.198895109691398	0.009206627850105252
3.2359365692962827	0.008535787997531765
3.273406948788382	0.00791048735693799
3.311311214825911	0.007327860541085758
3.3496543915782766	0.006785208613841768
3.3884415613920256	0.006279990171030925
3.4276778654645037	0.005809812864669998
3.4673685045253166	0.005372425349792344
3.5075187395256804	0.004965709634019588
3.548133892335755	0.004587673810938947
3.5892193464500526	0.0042364451592063175
3.630780547701014	0.003910263590118145
3.672823004980846	0.003607475427180194
3.715352290971725	0.0033265275019512667
3.758374042884441	0.0030659615511557854
3.8018939632056115	0.0028244089007423874
3.8459178204535354	0.0026005854232184827
3.890451449942806	0.0023932867552134323
3.9355007545577743	0.002201383762818087
3.9810717055349722	0.002023818242816189
4.027170343254591	0.0018595988484655728
4.073802778041127	0.0017077972290048449
4.120975190973302	0.0015675443725557325
4.168693834703354	0.001438027142563408
4.216965034285822	0.001318484998368047
4.265795188015927	0.0012082068909314118
4.3151907682776525	0.0011065283251535042
4.36515832240166	0.0010128285806070211
4.4157044735331255	0.0009265280828924743
4.466835921509632	0.0008470859181750249
4.518559443749224	0.0007739974838062998
4.570881896148751	0.0007067922682612561
4.623810213992603	0.0006450317539324193
4.677351412871983	0.0005883074366219759
4.731512589614805	0.0005362389558572005
4.786300923226384	0.0004884723304267809
4.841723675840994	0.00044467829379573595
4.897788193684462	0.00040455072430499277
4.954501908047901	0.0003678051652991054
5.011872336272722	0.00033417743055241524
5.069907082747043	0.0003034222905806613
5.1286138399136485	0.00027531223563217566
5.188000389289611	0.00024963631135068793
5.248074602497725	0.0002261990232909025
5.3088444423098835	0.00020481930664874824
5.370317963702527	0.0001853295577409385
5.432503314924332	0.00016757472393355544
5.495408738576246	0.00015141144887715718
5.559042572704036	0.00013670727005668867
5.623413251903491	0.0001233398658085983
5.688529308438414	0.00011119634909530572
5.7543993733715695	0.00010017260545880309
5.821032177708714	0.00009017267270099365
5.88843655355589	0.00008110815995860898
5.956621435290105	0.00007289770395546349
6.025595860743578	0.00006546646032461481
6.095368972401692	0.000058745627997940164
6.165950018614822	0.00005267200476091005
6.237348354824193	0.00004718757216614385
6.309573444801933	0.00004223910809086548
6.382634861905488	0.00003777782531081369
6.456542290346556	0.00003375903454668285
6.531305526474723	0.00003014183051893462
6.606934480075959	0.000026888799622993508
6.6834391756861455	0.000023965747909566515
6.760829753919817	0.000021341448124251673
6.839116472814292	0.00001898740462686513
6.918309709189364	0.000016877635074146833
6.998419960022734	0.000014988467809829292
7.079457843841379	0.000013298353963590906
7.16143410212902	0.0000117876933152802
7.244359600749901	0.00001043867303309882
7.3282453313890406	9.235118444274319e-6
7.413102413009175	8.16235504423901e-6
7.498942093324558	7.20708099555468e-6
7.5857757502918375	6.357249410876433e-6
7.67361489361819	5.6019597552214175e-6
7.762471166286917	4.931357741783937e-6
7.852356346100718	4.336543132598778e-6
7.943282347242816	3.809484890578509e-6
8.035261221856173	3.342943162912155e-6
8.128305161640993	2.9303976075850798e-6
8.222426499470712	2.565981604932557e-6
8.31763771102671	2.2444219247390616e-6
8.413951416451951	1.960983446506894e-6
8.511380382023766	1.7114185562030857e-6
8.609937521846007	1.4919208671129583e-6
8.709635899560805	1.2990829354399066e-6
8.81048873008014	1.129857663050255e-6
8.912509381337454	9.815231003226425e-7
9.015711376059569	8.516503814762709e-7
9.120108393559097	7.380745430712995e-7
9.22571427154763	6.388679936465125e-7
9.33254300796991	5.523164187313215e-7
9.440608762859233	4.768969207863492e-7
9.549925860214358	4.1125820803351053e-7
9.660508789898133	3.542026596749848e-7
9.772372209558107	3.0467010771181245e-7
9.885530946569387	2.617231874967967e-7
10.	2.2453412033123152e-7
10.115794542598985	1.9237280187772748e-7
10.232929922807541	1.6459607994781493e-7
10.351421666793438	1.4063811436761043e-7
10.471285480508996	1.2000172016083934e-7
10.592537251772889	1.0225060324805549e-7
10.715193052376064	8.700240527489257e-8
10.839269140212036	7.392248108036796e-8
10.96478196143185	6.271833872728423e-8
11.09174815262401	5.3134677968191546e-8
11.220184543019634	4.494896853860585e-8
11.35010815672315	3.7967514779618386e-8
11.481536214968829	3.202195781902669e-8
11.614486138403429	2.6966170906963046e-8
11.748975549395295	2.2673507531001103e-8
11.885022274370185	1.903436564820788e-8
12.022644346174129	1.5954034787910146e-8
12.16186000646368	1.3350795918476428e-8
12.302687708123816	1.1154246852641343e-8
12.44514611771385	9.303828606395407e-9
12.589254117941673	7.747530542907888e-9
12.735030810166617	6.4407543411764055e-9
12.88249551693134	5.345318844083387e-9
13.031667784522993	4.428589676465487e-9
13.18256738556407	3.662719194044258e-9
13.33521432163324	3.023983841247138e-9
13.489628825916535	2.4922073719369423e-9
13.645831365889245	2.0502596330327267e-9
13.803842646028848	1.6836217374118736e-9
13.963683610559377	1.3800094691436745e-9
14.125375446227544	1.1290476801894076e-9
14.288939585111029	9.219892617732029e-10
14.454397707459275	7.514730136600184e-10
14.621771744567182	6.113153979900832e-10
14.791083881682074	4.96331758001949e-10
14.962356560944334	4.021831123115054e-10
15.135612484362081	3.2524510830570893e-10
15.3108746168203	2.624961391071824e-10
15.488166189124815	2.1142200249054688e-10
15.66751070108149	1.699348117003298e-10
15.848931924611136	1.3630416157054597e-10
16.032453906900415	1.0909881255793417e-10
16.2181009735893	8.71373838203823e-11
16.405897731995395	6.944674753385078e-11
16.595869074375607	5.52269931882729e-11
16.788040181225604	4.3821985308814846e-11
16.982436524617444	3.4694673335638125e-11
17.17908387157588	2.74064304532132e-11
17.378008287493753	2.15998009652281e-11
17.579236139586925	1.6984125141876457e-11
17.78279410038923	1.3323587920229963e-11
17.98870915128788	1.0427304846864967e-11
18.197008586099834	8.141116494478875e-12
18.40772001468956	6.34081240208198e-12
18.620871366628677	4.926548396811435e-12
18.836490894898006	3.8182578556718025e-12
19.054607179632473	2.9518888554830143e-12
19.27524913190936	2.2763259437584125e-12
19.49844599758045	1.7508780630499673e-12
19.724227361148536	1.3432335221410145e-12
19.952623149688794	1.0277993076425722e-12
20.18366363681561	7.84355887245529e-13
20.417379446695293	5.96970335767398e-13
20.653801558105297	4.5312043437486004e-13
20.892961308540396	3.4299062707626806e-13
21.13489039836647	2.5890760475600775e-13
21.37962089502232	1.9488903098889445e-13
21.627185237270204	1.462837022758106e-13
21.877616239495524	1.094853997381176e-13
22.130947096056378	8.170596935891725e-14
22.387211385683393	6.079587417873797e-14
22.646443075930595	4.5102688535073454e-14
22.90867652767773	3.335983128748593e-14
23.17394649968478	2.4599329484264464e-14
23.44228815319922	1.8083623009875454e-14
23.71373705661655	1.325241224225268e-14
23.988329190194904	9.681354737150232e-15
24.266100950824153	7.050066940220425e-15
24.547089156850305	5.11741080608498e-15
24.831331052955704	3.702466142715157e-15
25.118864315095802	2.6699266719200813e-15
25.40972705549305	1.91892702056408e-15
25.703957827688633	1.3745221398566966e-15
26.00159563165272	9.812106531730369e-16
26.302679918953817	6.980280659479863e-16
26.6072505979881	4.948417254431014e-16
26.915348039269155	3.4956264758607525e-16
27.227013080779123	2.460544855586941e-16
27.542287033381662	1.7257074991074606e-16
27.8612116862977	1.205909136869269e-16
28.183829312644537	8.395665771394911e-17
28.510182675039097	5.823315182368675e-17
28.84031503126606	4.023845351386264e-17
29.174270140011668	2.7698044348938682e-17
29.512092266663856	1.8992168898486566e-17
29.853826189179596	1.2971739629108396e-17
30.19951720402016	8.824709696365057e-18
30.549211132155133	5.979450761434117e-18
30.902954325135905	4.035159523214891e-18
31.26079367123955	2.71192905477046e-18
31.622776601683796	1.8150707487100403e-18
31.98895109691398	1.2097220279874403e-18
32.359365692962825	8.028480459145568e-19
32.73406948788382	5.305368431977169e-19
33.11311214825911	3.490684667458102e-19
33.496543915782766	2.2866345446730527e-19
33.884415613920254	1.4912550203195442e-19
34.276778654645035	9.681748189807814e-20
34.673685045253166	6.257196351478457e-20
35.075187395256805	4.0253818946144e-20
35.48133892335755	2.5775826742964203e-20
35.89219346450052	1.6427556336352445e-20
36.30780547701014	1.0419923704032892e-20
36.72823004980846	6.577538784080301e-21
37.15352290971725	4.1318582708594464e-21
37.583740428844415	2.5827720014775627e-21
38.01893963205612	1.6064256506824633e-21
38.459178204535355	9.941320195187188e-22
38.90451449942806	6.120840183817404e-22
39.35500754557774	3.749177015271138e-22
39.81071705534972	2.284508949153044e-22
40.271703432545905	1.3846996349448816e-22
40.73802778041127	8.348290795875908e-23
41.209751909733015	5.006013413667273e-23
41.68693834703354	2.985463470607704e-23
42.16965034285822	1.7706363439088198e-23
42.657951880159274	1.0442802792344086e-23
43.151907682776525	6.124163499121789e-24
43.651583224016605	3.571001700368851e-24
44.157044735331255	2.0702279643177835e-24
44.66835921509632	1.19316921029331e-24
45.18559443749224	6.836160361249707e-25
45.70881896148751	3.8933103530124536e-25
46.23810213992603	2.2039020253316458e-25
46.773514128719825	1.239942564370347e-25
47.315125896148054	6.932918170584427e-26
47.86300923226384	3.8521628614830885e-26
48.41723675840994	2.1268445245030752e-26
48.97788193684462	1.1667491619454996e-26
49.545019080479015	6.359129151691993e-27
50.11872336272722	3.4432103602358916e-27
50.69907082747043	1.852005285526261e-27
51.28613839913648	9.894645759057022e-28
51.88000389289611	5.250538708132205e-28
52.48074602497725	2.767062026847159e-28
53.088444423098835	1.4481407513503549e-28
53.703179637025265	7.525659076592424e-29
54.32503314924332	3.883155833281646e-29
54.954087385762456	1.989279612247851e-29
55.59042572704036	1.0116758471149588e-29
56.234132519034915	5.1072233924784095e-30
56.885293084384145	2.55911152022196e-30
57.543993733715695	1.2726734534558705e-30
58.210321777087145	6.2810213947510115e-31
58.8843655355589	3.0760311369906802e-31
59.56621435290104	1.4947190659776527e-31
60.25595860743578	7.206055014121387e-32
60.953689724016925	3.446394871112325e-32
61.65950018614822	1.635015261049478e-32
62.37348354824193	7.693557009371518e-33
63.095734448019336	3.590378703721876e-33
63.826348619054876	1.661572879346961e-33
64.56542290346556	7.624696138789829e-34
65.31305526474723	3.4690229032999346e-34
66.0693448007596	1.5646970068891691e-34
66.83439175686145	6.995975403323226e-35
67.60829753919818	3.100396289789599e-35
68.39116472814293	1.3617347508276813e-35
69.18309709189364	5.92692128205412e-36
69.98419960022734	2.5561218429004796e-36
70.7945784384138	1.0922035824108313e-36
71.6143410212902	4.623263641262643e-37
72.44359600749901	1.938516784143031e-37
73.2824533138904	8.050420998513972e-38
74.13102413009175	3.3109106890117087e-38
74.98942093324558	1.3483646313734805e-38
75.85775750291837	5.436868783125395e-39
76.7361489361819	2.1703111046827186e-39
77.62471166286917	8.575831203982837e-40
78.52356346100719	3.3539795528589953e-40
79.43282347242815	1.2981438580508639e-40
80.35261221856173	4.971771187074154e-41
81.28305161640994	1.8839631653441883e-41
82.22426499470713	7.062412794022666e-42
83.17637711026711	2.6187801371537076e-42
84.13951416451951	9.604072554924895e-43
85.11380382023766	3.483107277728134e-43
86.09937521846007	1.249042515842512e-43
87.09635899560806	4.428226466108793e-44
88.1048873008014	1.5519126656530497e-44
89.12509381337455	5.375656888962183e-45
90.15711376059569	1.8401952230813796e-45
91.20108393559096	6.224506933466525e-46
92.2571427154763	2.0801498690542702e-46
93.3254300796991	6.867080392948499e-47
94.40608762859233	2.239112885001778e-47
95.49925860214358	7.210145057670963e-48
96.60508789898132	2.2925206414277694e-48
97.72372209558107	7.196479647995507e-49
98.85530946569388	2.2299758536737602e-49
100.	6.820061699003375e-50
101.15794542598987	2.0583472732474606e-50
102.32929922807541	6.129492944479902e-51
103.51421666793439	1.800688492887316e-51
104.71285480508996	5.217861766625546e-52
105.92537251772889	1.491136845766658e-52
107.15193052376064	4.201879547692672e-53
108.39269140212036	1.1673477875672867e-53
109.64781961431851	3.1968045597174304e-54
110.9174815262401	8.628172563304737e-55
112.20184543019633	2.2947500945399767e-55
113.50108156723151	6.013009421124607e-56
114.81536214968828	1.5520778677217725e-56
116.14486138403429	3.9457050296263237e-57
117.48975549395296	9.877537569654097e-58
118.85022274370185	2.4344918315767268e-58
120.2264434617413	5.906431949555294e-59
121.61860006463681	1.4103279952598512e-59
123.02687708123815	3.313698250778162e-60
124.4514611771385	7.659891922114001e-61
125.89254117941672	1.7416752504822168e-61
127.35030810166617	3.8946068888891175e-62
128.8249551693134	8.563042047111114e-63
130.31667784522995	1.8508688572648088e-63
131.8256738556407	3.9320631142562724e-64
133.3521432163324	8.208725183369863e-65
134.89628825916535	1.683656510471014e-65
136.45831365889245	3.3920709927542445e-66
138.03842646028846	6.711508177540779e-67
139.63683610559377	1.3038514518485975e-67
141.25375446227542	2.486548315348051e-68
142.8893958511103	4.65407540768049e-69
144.54397707459273	8.547586548811038e-70
146.21771744567184	1.5400397748556224e-70
147.91083881682076	2.721462571856795e-71
149.62356560944335	4.715821240873756e-72
151.35612484362082	8.011212586652961e-73
153.108746168203	1.333906546579182e-73
154.88166189124814	2.1763958730514145e-74
156.6751070108149	3.478833741280237e-75
158.48931924611136	5.4463996970428936e-76
160.32453906900415	8.349509685548336e-77
162.181009735893	1.2530904587269408e-77
164.05897731995393	1.8406321273472952e-78
165.95869074375605	2.645492880558704e-79
167.88040181225603	3.719562557916315e-80
169.82436524617444	5.114606067335906e-81
171.7908387157588	6.876313411549432e-82
173.78008287493753	9.036683895606387e-83
175.79236139586928	1.1605342590752179e-83
177.82794100389228	1.4560840755528513e-84
179.88709151287878	1.7843390310708797e-85
181.97008586099835	2.1350704107512696e-86
184.0772001468956	2.4938540039843814e-87
186.20871366628674	2.8427099576613094e-88
188.36490894898006	3.161360906479851e-89
190.54607179632472	3.4290315998194725e-90
192.7524913190936	3.6265963375400873e-91
194.98445997580453	3.738783001575488e-92
197.24227361148536	3.7560911770145443e-93
199.52623149688796	3.676096014744069e-94
201.83663636815606	3.503893863489991e-95
204.17379446695293	3.2515872753613536e-96
206.53801558105295	2.936876772843165e-97
208.92961308540396	2.58098673191934e-98
211.34890398366468	2.206266057623236e-99
213.79620895022322	1.8338457001699398e-100
216.27185237270203	1.4816977262688874e-101
218.77616239495526	1.1633378042042894e-102
221.30947096056377	8.872730907640805e-104
223.87211385683395	6.571555674142644e-105
226.46443075930597	4.724881997519776e-106
229.08676527677733	3.296677090034553e-107
231.73946499684783	2.231380171269279e-108
234.4228815319922	1.4646361393740082e-109
237.13737056616552	9.319454104496813e-111
239.88329190194904	5.746448259758404e-112
242.66100950824153	3.432406903028298e-113
245.47089156850305	1.9853102475627957e-114
248.31331052955704	1.111543893422458e-115
251.188643150958	6.021848970419645e-117
254.09727055493053	3.155532178007536e-118
257.03957827688635	1.5987754460551135e-119
260.0159563165272	7.828978222513475e-121
263.02679918953817	3.703856556872688e-122
266.072505979881	1.6922378838408523e-123
269.15348039269156	7.463655217078972e-125
272.27013080779125	3.1764887655496464e-126
275.4228703338166	1.3039751908902122e-127
278.612116862977	5.16102741516618e-129
281.83829312644536	1.9686310238769224e-130
285.10182675039096	7.233827998918678e-132
288.4031503126606	2.559528432951211e-133
291.7427014001167	8.71665251507985e-135
295.12092266663853	2.8559156898250764e-136
298.53826189179597	8.998136365717506e-138
301.9951720402016	2.7250515633545726e-139
305.4921113215513	7.928901197815396e-141
309.02954325135903	2.215472114539034e-142
312.6079367123955	5.941979190583331e-144
316.22776601683796	1.5289797563333503e-145
319.8895109691398	3.772853652271923e-147
323.59365692962825	8.923294918577778e-149
327.34069487883824	2.0218764887191838e-150
331.13112148259114	4.386747706633818e-152
334.96543915782763	9.109015596721474e-154
338.84415613920254	1.809341601663046e-155
342.7677865464504	3.436110104536674e-157
346.73685045253166	6.235703110197475e-159
350.751873952568	1.0808054354186965e-160
354.8133892335755	1.7882267625973822e-162
358.92193464500525	2.8227812653161023e-164
363.0780547701014	4.2488883755523964e-166
367.2823004980846	6.095060821573145e-168
371.53522909717253	8.328059151632862e-170
375.83740428844413	1.083248783820258e-171
380.1893963205612	1.3405532182898762e-173
384.5917820453535	1.577470609977833e-175
389.0451449942806	1.764033751320972e-177
393.5500754557774	1.8735487392647795e-179
398.1071705534972	1.8887597361635934e-181
402.7170343254591	1.806259593133965e-183
407.3802778041127	1.6376097474928767e-185
412.0975190973302	1.4066933715781828e-187
416.8693834703354	1.1441319153902154e-189
421.6965034285822	8.80574450866147e-192
426.5795188015927	6.40902347096465e-194
431.5190768277653	4.408315563584155e-196
436.515832240166	2.8636798218788766e-198
441.57044735331255	1.7557384416673775e-200
446.6835921509632	1.0152850163476257e-202
451.8559443749224	5.533688887036164e-205
457.0881896148751	2.8408116434462743e-207
462.3810213992603	1.3726818829016138e-209
467.73514128719825	6.238675421042103e-212
473.15125896148055	2.6650267259567726e-214
478.6300923226384	1.0692652291082458e-216
484.1723675840994	4.0265058234167664e-219
489.77881936844614	1.4220366787360324e-221
495.4501908047901	4.70662526096071e-224
501.1872336272722	1.4588066611073952e-226
506.9907082747043	4.231011414945868e-229
512.8613839913648	1.1473980671851871e-231
518.800038928961	2.907157894417339e-234
524.8074602497726	6.876458322806902e-237
530.8844442309884	1.5172450192435636e-239
537.0317963702527	3.120256018359786e-242
543.2503314924331	5.976034011595356e-245
549.5408738576245	1.065037031275187e-247
555.9042572704036	1.7647427122437527e-250
562.3413251903492	2.7164081920781786e-253
568.8529308438415	3.8809062376880427e-256
575.439937337157	5.14184378649041e-259
582.1032177708714	6.31205651697973e-262
588.8436553555889	7.173040898624105e-265
595.6621435290105	7.539208649598848e-268
602.5595860743578	7.32222791727241e-271
609.5368972401692	6.565322976718414e-274
616.5950018614822	5.429501696462912e-277
623.7348354824193	4.1375740961297846e-280
630.9573444801933	2.902683262684583e-283
638.2634861905487	1.872849373582191e-286
645.6542290346556	1.1102781388876304e-289
653.1305526474723	6.041683010477093e-293
660.693448007596	3.014725564081217e-296
668.3439175686145	1.378043107675184e-299
676.0829753919818	5.764470121424466e-303
683.9116472814293	2.204392020419732e-306
691.8309709189364	7.69834249408967e-310
699.8419960022734	2.4525929988e-313
707.9457843841378	7.1204795e-317
716.1434102129019	1.882e-320
724.43596007499	5.e-324
732.824533138904	0.
741.3102413009175	0.
749.8942093324558	0.
758.5775750291838	0.
767.3614893618189	0.
776.2471166286917	0.
785.2356346100718	0.
794.3282347242816	0.
803.5261221856173	0.
812.8305161640993	0.
822.2426499470712	0.
831.7637711026711	0.
841.395141645195	0.
851.1380382023766	0.
860.9937521846007	0.
870.9635899560805	0.
881.048873008014	0.
891.2509381337454	0.
901.5711376059569	0.
912.0108393559096	0.
922.5714271547631	0.
933.2543007969911	0.
944.0608762859233	0.
954.9925860214358	0.
966.0508789898133	0.
977.2372209558107	0.
988.5530946569387	0.
1000.	0.